38272
38273
38293
38310
38460
38461
38463
38575
38577
38687
38738
38744
38748
38813
38848
38849
38850
38860
38913
39140
39144
39243
39574
39577
39595
39806
39808
42818
42821
42887
42922
43128
43131
43214
43231
43929
44100
44102
44160
45130
45134
45214
45466
45487
45488
45772
45776
47629
47630
48969
49774
49778
50356
50357
50655
50683
50686
50690
50694
50732
50927
51473
52705
52810
54248
54580
54582
55869
57016
59865
59867
64017
71061
71066
71201
71510
71511
73767
73768
76946
80620
80646
80647
82301
82468
83907
86715
87076
91927
92399
92401
92569
92924
96465
97110
97170
97502
97941
99260
99263
99405
100182
100611
101006
102384
103101
105159
106005
107945
108523
111836
113281
113386
114535
116641
116644
116964
118706
119290
120017
120019
120714
124827
124830
125616
126340
126612
128999
129174
132174
133809
